	Temperature	Salinity	pH	NH4	NO3	NO2	TN	TP	SO4	TOC	Sat	CysC	CysH	DsrC	PL1	GH1	GH16	GH18	GH26	GH5	GH51	GT1	GT17	GT2	GT4	GT6	PhoA	PhoD	Acidobacteria	Actinobacteria	Alphaproteobacteria	Bacteroidetes	Betaproteobacteria	candidate.division.WWE3	Candidatus.Aminicenantes	Candidatus.Latescibacteria	Chloroflexi	Deltaproteobacteria	Firmicutes	Gammaproteobacteria	Gemmatimonadetes	Other.Proteobacteria	Planctomycetes	Thermodesulfobacteria
CXD.0801.FDSW210423161	27	1.93	8.14	0.003488113	0.012754142	0.000393855	1.582310645	0.013205411	1.89419135	18	0.0001979	0	0.000759506	1.82E-05	3.12E-05	1.31E-05	2.89E-05	0	0.000148591	5.67E-06	9.53E-05	3.78E-05	4.68E-05	0.000274638	4.45E-05	3.51E-06	1.95E-05	5.30E-05	4.150789268	3.238124009	1.746612357	2.560561991	1.549669009	3.655727737	3.656495331	6.729837817	1.592348559	2.503525974	6.426836699	1.356313351	0.659089051	0.743144042	4.745291393	5.680333235
CXD.0802.FDSW210423162	28.3	2.92	8.18	0.001520421	0.021135244	0.000350835	1.724789389	0.017499011	1.430121575	16.8	0.000117906	0	0.000753006	6.91E-06	5.23E-05	8.37E-05	2.07E-05	0	0.00020155	0	3.34E-05	7.97E-05	2.26E-05	0.000485332	7.76E-05	1.85E-05	0.000108237	4.48E-06	2.953013168	2.56983357	2.372346526	4.197832169	1.36035056	4.378780614	4.716471746	1.280214389	1.253557035	1.968634068	5.042533956	1.295793097	0.555295585	1.299629573	5.937623611	5.580807666
CXD.0803.FDSW210423163	28.3	2.29	8.39	0.010633939	0.029516347	0.000187359	1.263828747	0.004004839	1.2377024	17.7	0.000288089	0	0.000547438	1.74E-05	3.91E-06	0.000304275	8.51E-05	0	0.000119517	1.79E-05	2.00E-06	0	3.79E-05	0.000423672	1.22E-05	0.000109707	7.08E-05	0	2.109541437	1.607727513	2.325925693	1.738750725	1.828687313	2.124184739	4.28992555	1.765800035	0.851042519	1.357694404	1.530955202	0.799775902	0.22731224	0.249589945	2.297667246	1.608946042
CXD.0804.FDSW210423164	28	2.33	8.29	0.004109489	0.021135244	0.000419667	1.548786235	0.003698153	1.865894413	17.7	0.000222969	0	0.000726943	0	4.41E-05	0.000104599	7.42E-05	0	0.000178276	7.96E-06	7.71E-05	4.48E-05	8.83E-05	0.000326082	7.88E-05	1.97E-05	6.00E-05	4.46E-05	2.8509423	2.690882057	2.476556715	2.644179201	1.528273572	2.488547738	4.48276313	1.491200802	1.2811654	1.990302292	3.636927427	1.25995089	0.480319078	0.822687098	4.407932242	5.18215482
CXD.0805.FDSW210423165	28	1.46	8.4	0.004989772	0.012754142	0.000497103	1.490118517	0.007685067	0.915117313	18.8	7.18E-05	0	0.000853595	9.59E-06	2.37E-05	3.47E-05	0.000109809	0	0.000216647	0.000104693	5.61E-05	1.94E-05	8.17E-05	0.000281555	2.84E-05	6.56E-05	6.95E-05	5.75E-07	1.041178573	1.949125563	1.568767306	2.507949091	1.999386663	4.480914873	4.064869093	5.132642616	1.101541918	1.266446729	1.626815444	1.218346739	0.601767687	0.39035599	5.496714967	4.907651455
CXD.0807.FDSW210423167	28.4	1.35	8.31	0.00954653	0.03789745	0.000307815	1.464975209	0.013512096	0.76231385	17.9	0.000312632	9.79E-06	0.000550311	9.82E-06	6.33E-06	0.000109724	1.35E-05	0	0.000158045	2.47E-05	0	0	3.65E-05	0.000688215	0	4.55E-05	4.42E-05	6.25E-06	1.480959608	1.660620253	1.968100292	2.444863271	1.957279024	2.119552428	4.39530416	1.867100613	1.217059919	1.634489293	4.896782464	1.172209	0.451185435	0.571049774	2.561784895	5.104202409
CXD.1001.FDSW210423173	18	3.67	7.93	0.001261515	0.029516347	0.000574539	1.850505927	0.011058611	4.050417988	17.2	5.38E-05	0.00011853	0.000569634	5.14E-05	1.51E-05	7.05E-05	0	0	9.55E-05	2.46E-05	6.60E-05	2.12E-05	0	0.000293305	0	8.82E-05	5.51E-05	7.07E-06	1.752357167	2.057861414	1.248223245	3.493480011	1.060180657	5.54196362	3.000064874	4.458935685	1.365830934	1.608234808	14.75545979	1.103300627	1.232583281	0.4295876	4.525146968	6.953810141
CXD.1003.FDSW210423175	18	6.11	8.04	0.000381232	0.021135244	0.000497103	1.615835055	0.010751925	3.790086163	18.3	2.03E-05	0	0.00066328	0	0.000125557	2.29E-05	2.30E-05	0	0.000116196	1.46E-05	1.62E-05	2.69E-05	1.86E-05	0.000124312	3.08E-05	3.72E-05	3.84E-05	1.07E-05	2.110065824	1.536301125	1.151063682	3.830383131	1.381916716	5.675249872	3.426934086	3.852027023	1.722104312	1.523077996	34.00656016	1.103121219	1.243567614	0.857760774	4.107598582	6.509764158
CXD.1004.FDSW210423176	16	3.51	8	0.000950826	0.03789745	0.000488499	2.168987825	0.00247141	3.043047013	18	0.000129529	0	0.000714822	3.04E-05	2.86E-05	7.07E-05	8.50E-05	0	0.000130332	6.47E-05	2.29E-05	4.61E-05	9.81E-06	0.000288566	2.79E-05	6.90E-05	4.16E-05	3.96E-06	1.248904479	1.679512693	1.468176793	2.316934423	1.355425755	3.015369786	4.108301776	1.774244225	1.168332367	1.402215068	3.633849928	0.821570513	0.544740238	0.306076483	2.778814515	4.729123857
CXD.1007.FDSW210423179	19	2.93	8.2	0.002763174	0.046278552	0.000256191	1.800219312	0.021792611	2.448811325	17.6	0.000395087	0	0.000378581	0	4.91E-06	0.000169743	7.25E-06	0	9.99E-05	3.15E-06	0	4.13E-06	0.000144063	0.00064427	9.69E-06	0.000103274	1.85E-05	0	1.655080061	1.815960195	2.957267858	2.366231021	1.975919017	1.800543253	4.696714727	1.078080656	1.123481741	1.633603717	4.261097449	1.086134522	0.379016123	0.96586538	2.051537951	4.47765585
CXD.1009.FDSW210423181	17	3.03	7.96	0.002141797	0.03789745	0.000350835	1.825362619	0.004924896	2.8223309	17.9	5.23E-05	0	0.000475725	1.30E-05	3.75E-05	1.48E-05	0	0	0.000134927	2.03E-05	0	1.51E-05	5.92E-05	0.000237908	1.13E-05	0.000113311	9.68E-05	0	1.203264173	2.652754819	1.953403215	4.063138146	2.228646051	16.98158436	4.331468382	1.076657789	1.609963418	1.529943604	25.80859681	1.437105252	1.507600005	0.551421819	2.909283885	7.581851281
CXD.1015.FDSW210423187	17	2.58	7.55	0.002038235	0.021135244	0.000505707	2.269561056	0.011365296	3.167553538	17.5	2.48E-05	0	0.000470616	7.77E-05	1.74E-05	0	0	3.34E-06	0.000141381	2.65E-05	1.26E-05	1.90E-05	3.58E-05	0.000168414	7.81E-05	0.000135615	0.000146734	0	0.874945496	2.561844012	1.546486436	6.171399267	10.35213301	61.77506341	4.386343761	1.927750197	1.239211096	1.568724534	337.9665086	0.915332572	0.912489502	0.569010376	2.647230246	4.145358669
CXD.1201.FDSW210423188	4	2.97	8.49	0.002193579	0.021135244	0.000729411	0.584959439	0.02952485	4.073055538	16.95	3.89E-05	7.10E-05	0.000594029	0	4.13E-05	4.64E-06	5.89E-06	0	0.000116168	5.40E-05	6.21E-05	1.28E-05	1.01E-05	0.000248822	1.22E-05	7.36E-05	2.87E-05	1.42E-05	2.535139884	2.157583572	1.385465458	4.221356846	1.453760941	7.707279941	3.640497489	6.586502399	1.588950367	1.825427171	32.93181837	1.550720813	1.10630393	0.595861904	5.49807821	7.154107199
CXD.1202.FDSW210423189	3	3.87	8.62	0.001520421	0.03789745	0.000548727	1.691264978	0.01409276	4.1353088	17.65	2.49E-05	3.49E-05	0.000657322	9.58E-06	5.25E-05	3.27E-05	1.33E-05	0	8.42E-05	1.70E-05	2.04E-05	9.38E-06	6.47E-06	0.000311083	2.47E-05	9.10E-05	3.10E-05	1.02E-05	1.778655429	1.772705787	1.2976223	3.101857693	1.390739131	4.921502498	3.515817448	2.32184135	1.322557855	1.641574305	20.37006174	1.195271072	1.119251887	0.543953386	3.780975644	5.031037428
CXD.1203.FDSW210423190	3	2.96	8.53	0.001675765	0.03789745	0.000522915	1.56554844	0.023211722	4.3164092	18.1	9.76E-05	0	0.000493879	0	3.13E-05	8.06E-05	5.70E-06	0	0.00010802	8.56E-06	7.34E-05	9.19E-07	4.55E-05	0.000915247	8.74E-06	1.97E-05	3.09E-05	4.88E-06	1.302748506	2.841341256	1.665279377	2.011181166	1.30363468	2.861056503	2.3769392	2.899555834	1.402512256	2.019020892	5.461829542	1.285289911	1.03661764	0.661802953	3.532145953	3.851183036
CXD.1213.FDSW210423200	5	4.74	8.23	0.000225888	0.054659655	0.000488499	2.21927444	0.020055158	3.75047045	17.4	1.06E-05	1.33E-05	0.000563314	5.57E-05	2.87E-05	1.72E-05	3.30E-06	0	0.000155243	4.23E-05	0	4.61E-05	0.000170322	0.000227352	5.33E-05	2.12E-05	8.02E-05	0	1.176427371	2.200779704	1.358430127	6.192327526	2.260910737	12.63207219	4.343135612	1.073700755	1.281930619	1.7077426	94.3946281	1.277111573	1.107829467	0.913590682	3.057206575	4.989216177
CXD.1214.FDSW210423201	5	3.08	8.39	0.000381232	0.130089578	0.000514311	1.875649235	0.018652241	3.835361263	17.95	2.46E-05	0	0.000535192	0	2.94E-05	3.90E-05	0	0	0.000107746	6.51E-05	0	2.49E-05	8.25E-05	0.000187943	2.43E-05	6.10E-05	8.06E-05	6.95E-07	1.160225386	2.854844722	1.513586762	5.39307671	2.041746432	11.75664853	4.363577123	3.222377269	1.455000966	1.541329204	38.86262561	1.512932234	1.355651447	1.021896973	3.913816679	5.657864876
CXD.1215.FDSW210423202	3	3.05	8.43	0.000174106	0.046278552	0.000548727	1.934316953	0.025666827	4.095693088	18.4	2.67E-05	4.10E-05	0.000610137	4.07E-05	1.74E-05	7.63E-06	5.74E-06	0	0.000149128	5.05E-05	0	2.59E-05	5.34E-05	0.000190776	2.30E-05	9.54E-05	3.23E-05	0	1.171779934	2.267840081	1.427537089	3.946129414	1.816383926	15.52724786	3.772972229	2.835031459	1.507632571	1.499747798	35.61866145	1.289543857	1.333011358	0.610432912	3.245141275	4.434714928
CXD.0204.FDSW210423206	2	5.12	8.56	0.002763174	0.029516347	0.000471291	1.27220985	0.011058611	3.982505338	18.25	6.63E-05	2.64E-05	0.00077021	9.01E-06	2.74E-05	4.26E-05	5.59E-06	6.11E-06	0.000154839	1.65E-05	9.44E-06	3.91E-05	3.26E-05	0.000204883	3.81E-05	6.20E-05	3.80E-05	1.95E-05	1.482034077	1.645996724	1.809200161	2.461277449	1.802524562	8.203739711	2.215529224	2.162799404	1.54911952	1.57883121	1.346766962	1.638504394	1.504880771	0.582046534	3.770734763	7.197569154
CXD.0209.FDSW210423211	1	3.07	8.15	0.00338455	0.029516347	0.000393855	2.428802005	0.022099297	2.273370313	17	2.43E-05	0	0.000477317	4.28E-05	1.48E-05	1.10E-05	0	0	0.000276148	2.79E-05	0	6.00E-06	4.72E-05	0.000185638	2.01E-05	2.53E-05	6.11E-05	0	1.109234685	2.634556999	2.195257489	2.565441369	69.69408665	76.8868309	4.257478867	1.887671291	1.665937714	1.562505727	35.23054682	1.855372018	0.939868587	0.952086218	5.028062069	6.952423597
CXD.0210.FDSW210423212	0	5.41	8	0.003850582	0.021135244	0.000402459	1.171636619	0.00676501	5.702959138	17.85	0.000117451	0	0.000765314	5.49E-05	5.78E-06	5.39E-05	2.59E-05	2.82E-06	0.000153421	4.89E-05	0	2.34E-05	2.63E-05	0.000220932	8.47E-05	1.88E-06	0.000106493	2.71E-07	0.935154375	2.464564121	1.559606061	3.04624498	3.82514826	5.251880529	4.536138836	1.997894164	1.732618013	1.664665829	1.929867066	1.890970635	2.142626303	1.477578171	2.983077157	7.359959178
CXD.0213.FDSW210423215	0	5.5	8.45	0.001416859	0.155232886	0.000531519	1.515261824	1.79E-05	3.761789225	18.4	8.68E-06	8.80E-06	0.000858159	3.61E-05	2.11E-05	3.82E-06	1.21E-05	5.14E-05	0.000323733	1.53E-05	0	1.16E-05	3.77E-05	0.000113682	3.13E-05	2.28E-06	0.000107022	0	1.045064244	1.880967224	1.722219204	1.458944716	4.365651785	47.19695282	4.961624784	2.694963546	1.78731545	1.50966301	0.222679803	1.259082128	1.123965709	0.804433839	3.493484886	6.129593629
CXD.0214.FDSW210423216	-1	5.94	8.35	0.00302208	0.021135244	0.000514311	1.180017721	0.007991753	4.237177775	18.2	2.03E-05	0	0.000751941	0	2.10E-05	4.71E-06	0	9.22E-05	0.000260416	3.05E-05	0	6.64E-05	1.10E-05	5.55E-05	2.21E-05	3.76E-06	0.000143338	0	1.096826845	1.901612445	1.533819413	1.587088912	12.94943623	137.0796255	4.351352999	3.209074337	1.908830658	1.534936073	0.297334071	1.286180339	0.944777373	1.004543392	3.509431513	6.797774168
CXD.0215.FDSW210423217	0	5.98	8.28	0.003073862	0.029516347	0.000514311	1.498499619	0.017805697	3.948549013	17.6	9.15E-06	9.24E-06	0.000685405	1.49E-05	3.13E-05	3.77E-06	0	3.36E-05	0.00020652	3.74E-05	2.03E-05	4.35E-05	3.52E-05	0.00013375	3.90E-05	0	0.000104763	1.02E-05	1.229537433	2.465443898	1.7538328	2.065993803	2.044238849	32.02718338	4.487830706	4.193288392	1.801470406	1.674561169	0.787933737	1.619842466	1.874175818	0.879893353	4.485154858	6.63582997
CXD.1401.FDSW210423218	15	4.34	8.2	0.003566159	0.037791736	0.000330745	1.573929542	0.021107346	4.118330638	18.9	4.86E-05	0	0.000401286	0	6.45E-06	0.000143636	2.46E-05	0	0.00015707	1.06E-05	2.81E-05	0	2.54E-05	0.001200891	7.86E-06	0	4.59E-06	6.73E-05	1.570291282	2.262038466	1.432920338	1.567358452	1.20231586	2.304059172	2.184139699	3.452667291	1.418469962	1.616518715	1.22579196	1.429707612	1.627037562	0.41670448	4.776104053	3.914468172
CXD.1402.FDSW210423219	14	3.47	8.19	0.002974594	0.029431776	0.000268792	1.56554844	0.020756617	3.988164725	18.3	0.000135271	0	0.000485762	1.57E-05	2.10E-05	0.000225489	9.64E-05	0	6.99E-05	1.62E-06	0.000127371	4.44E-06	6.75E-05	0.000387149	2.67E-05	1.47E-05	7.46E-06	0.000369273	1.810697513	1.549869932	1.164935272	1.858756282	1.605000115	3.986807078	3.055152081	13.53671638	1.266018209	1.154424433	0.966478141	1.522980613	1.787459983	0.242620188	6.765995624	6.416067763
CXD.1408.FDSW210423225	14	2.99	8.14	0.005771086	0.021071816	0.000182058	1.89241144	0.008481091	2.737440088	18.7	0.000170459	0	0.00036409	0	0	6.70E-05	1.40E-06	3.31E-06	0.00059217	1.48E-05	3.09E-06	4.55E-05	0.000106007	0.000355024	1.38E-05	6.02E-06	0.000111818	7.21E-05	1.060534834	1.835793388	1.805845268	1.702502253	1.497318162	1.807966839	4.042545917	1.364900267	1.094722197	1.489649424	1.370880743	1.377453104	0.96623755	1.234319138	2.902015494	3.337784928
CXD.1412.FDSW210423229	13	2.22	8.34	0.005071963	0.029431776	0.00021923	1.548786235	0.019704429	2.216776438	19.6	5.17E-06	0	0.000603922	1.53E-05	2.50E-05	1.11E-05	0	7.54E-06	0.000355266	0	0	3.96E-05	0.000174252	0.000113848	1.36E-05	3.20E-05	0.000188416	0	1.535718566	18.54658745	2.199663387	4.321830031	159.2891224	50.73675263	0.168823611	0.221004978	1.010751758	2.122375194	0.590025487	1.913242682	0.05062248	1.165184129	1.480993301	0
CXD.1414.FDSW210423231	12	3.14	8.16	0.00560975	0.004351897	0.00044226	1.724789389	0.020405888	2.39221745	17.9	0	0	0.00048459	2.28E-05	2.23E-05	4.41E-06	8.40E-06	4.19E-06	0.000271561	0.00010413	0	3.15E-06	0.000128228	0.000122596	2.29E-05	5.55E-05	0.000131429	0	0.870073794	1.811588864	1.79472514	8.03039559	32.32578461	383.8554356	3.627748069	0.854698277	1.266230117	1.395283676	0	1.020567376	1.06450499	0.751694258	2.53299202	4.505882903
CXD.1415.FDSW210423232	15	4.4	8.09	0.006954218	0.004351897	0.000144887	1.900792543	0.013040572	3.971186563	18	2.25E-05	0	0.000547638	2.93E-05	1.58E-05	0	0	0	0.000345241	7.69E-05	0	9.11E-05	0.00011032	0.000137049	0.000136542	4.19E-05	0.000222162	1.81E-07	0.7890233	1.996847158	2.060701223	11.42113988	0	0	6.188795757	0.825779057	1.342045457	1.524436538	0	1.016809117	0.681286196	1.221699133	2.914198341	9.69716086
CXD.1604.FDSW210423236	25	4.52	8.18	0.001054389	0.029516347	0.000608955	1.180017721	0.017499011	3.450522913	18.6	6.34E-05	0	0.000628587	0	1.95E-05	0.000127404	4.56E-05	0	7.11E-05	6.63E-05	0.000158011	3.94E-06	6.80E-05	0.0002805	1.58E-05	0	2.46E-05	7.85E-05	1.122030111	1.513807862	1.112403364	3.371931074	2.001062163	2.898672343	3.062405617	9.727142019	1.23192498	1.328154603	2.132491992	1.077323977	1.325871179	0.519738276	7.492368084	5.631036766
CXD.1609.FDSW210423241	25	2.67	7.96	0.003436331	0.063040757	0.000273399	1.30573426	0.014125468	2.827990288	19	0.000195559	0	0.000681784	0	7.31E-06	8.77E-05	4.12E-06	0	0.00033385	1.79E-05	0	2.44E-05	0.000136087	0.000402042	2.28E-05	4.29E-05	9.55E-05	0	0.816775713	1.960043366	2.437054244	2.313869705	3.834669603	1.376142606	4.616759381	1.570333862	1.17583022	1.534114349	10.38680837	0.995315109	0.622668076	2.856409497	2.736938262	3.559166496
CXD.1610.FDSW210423242	26	4.69	8.11	0.003643457	0.054659655	0.000514311	1.724789389	0.011058611	3.495798013	19.1	2.91E-06	1.29E-07	0.000630114	1.67E-05	2.56E-05	0	0	0	0.000279774	1.91E-05	3.25E-06	0	5.09E-05	7.72E-05	1.16E-05	5.24E-05	0.00010535	0	0.930611318	2.06430947	1.843338238	9.51214552	0	0	5.140932344	0	1.468363973	1.399293182	0	0.836686456	0.737812549	2.849858296	1.379320397	3.609312445
CXD.1611.FDSW210423243	25	2.31	8.36	0.00069192	0.029516347	0.000514311	1.607453953	0.021485926	2.307326638	18.2	1.72E-05	0	0.000658867	9.27E-06	5.32E-05	1.57E-05	0	0	0.000449728	1.96E-06	0	1.07E-05	2.81E-05	8.79E-05	6.80E-06	6.72E-05	0.000159931	0	0.907634928	1.962825284	2.088380252	6.947314579	0	105.1049298	4.83275372	5.602348023	1.506244104	1.459190812	0	0.864701167	0.714666765	1.750990159	1.509927769	3.899499696
CXD.1612.FDSW210423244	24	4.54	8.1	0.002141797	0.029516347	0.000488499	1.657740568	0.015658897	3.603326375	19.3	1.23E-05	6.75E-05	0.000186602	2.87E-05	9.70E-06	0	1.87E-05	0	6.19E-05	2.57E-05	0.000132896	0	0	0.000140489	0	9.58E-05	0	5.93E-05	0.969311406	2.143968025	2.021224168	7.712325075	23.48033017	33.5099972	4.403036978	4.991327621	1.588026905	1.308272229	610.2734168	0.886946867	0.756837856	1.688118216	1.546696753	4.209876421
CXD.1613.FDSW210423245	24	3.11	8.16	0.001572203	0.046278552	0.000471291	1.473356311	0.019952497	3.34299455	18.9	5.20E-06	1.30E-05	0.000604793	8.80E-05	1.71E-05	1.12E-05	0	1.80E-05	0.000235305	2.88E-05	0	1.35E-05	1.28E-05	9.06E-05	0	7.00E-05	9.16E-05	0	1.146941123	1.76901441	1.922954899	7.737859681	0	116.3379647	2.564588055	10.5848477	1.633616641	1.315410737	3990.211989	0.91706878	0.47288896	2.086084609	1.304284281	3.300728791
